TODO:

- Move to a more javaish code: yeah ! I'm using an abstract class !
- Optimise the program.
- Optimise the algorithm.
- Better handle exceptions.
- Use a logger.

Node number:
Stage 1
Depth	Number
0	9234172
1	79566381
2	154852542
3	185402545
4	73740885
5	13811867
6	840009
7	30534
8	1136
9	86
10	2

Stage 2
Depth	Number
0	153314
1	1404258
2	6704038
3	12156368
4	14113348
5	9475118
6	4863186
7	1677510
8	554909
9	147573
10	39341
11	5109
12	496
13	35
14	6

Stage 3
Depth	Number
0	52128
1	374393
2	1752352
3	6105106
4	15174287
5	22843286
6	9666202
7	996976
8	65749
9	4258
10	299
11	49

Stage 4
Depth	Number
0	144810
1	582115
2	1402420
3	1702704
4	2206473
5	3013622
6	3086167
7	2858335
8	1705955
9	466536
10	88532
11	11487
12	1111
13	108
14	11

Stage 5
Depth	Number
0	1165864
1	5409127
2	21799398
3	58096737
4	112154848
5	167113459
6	142813645
7	65671573
8	21060572
9	5535539
10	1204288
11	210799
12	29155
13	3339
14	381
15	60
16	10
17	1

Stage 2
Depth	Number
7	2
8	2
9	11
10	20
11	14
12	27
13	18
14	6

Stage 3
Depth	Number
8	2
9	9
10	40
11	49

Stage 4
Depth	Number
7	1
9	4
10	6
11	16
12	32
13	30
14	11

Stage 5
Depth	Number
11	4
12	6
13	18
14	34
15	29
16	8
17	1

